PREFIX=.
BOT_NAME=Reng
OWNER_NUMBER=5561999999999
MENSSAGE1=📢 Semana do Cliente IM 🎉
Você faz parte da nossa lista VIP e foi contemplado com uma condição exclusiva:
 👉 Crédito estudantil facilitado, sem consulta ao SPC 🚀
Essa é a sua chance de garantir sua matrícula no curso dos seus sonhos, sem burocracia e com condições especiais que só valem na Semana do Cliente.
⚠ Vagas limitadas e prazo curto!
 💬 Responda ’’EU QUERO’’  agora e garanta seu benefício.

CONTACTS=   5515981498913,5515988029060,5515996120959,5515991984056,5515996649288,5515996035104,554396055205,5555988197450,5515997215663,5515991098647,5515997829794,5515998484914,5515997857671,5515996092664,5515996649459,5515997495065,5515996015951,5543991103057,5543996105966,5515991615585,5515998410015,5515998544589,5515981662322,5515981769118,5514998325701,5515996304354,5515998719901,5515997113117,5515997672886,5543999523510,5515998973547,5515996501043,5515998354001,5515981532181,5515997789274,5515998562391,5515998495686,5543996764607,5515998228577,5515997551011,5515991628805,5515997786977,5515988170680,5515998284092,5515988108495,5515997431732,5515997544510,5515998040736,5515997620103,5515996004086,5515997080708,5515997645895,5554396673011,5515996342363,5515981095158,5515998088872,5515997856632,5515996036289,5515988148073,5515981907267,5515997757160,5515998097726,5515997524956,5515996116742,5515988056600,5515991803269,5515997047533,5515991628606,5515981734164,5515996745774,5515981489128,5515997273210,5515998537903,5542991187880,5515988380206,5515998189677,554396702540,5515998853244,5515996070312,5515996882309,5515998512595,5543999218556,5515997873113,5515998292295,5515981501679,5515991656709,5515997141746,5515988174527,5515998464828,5515991347035,5515981009281,5515988217426,5543996651533,5515996326323,5515996915699,5515997189225,554399039429,5515997785019,5515991405447,5515996616696,554396213935,5515998130328,5515996847026,554399578163,554396952476,5515981322902,5515998719102,5515988320365,5515998545304,5515998264512,5515981881223,5515997032962,5515996555594,5515996907111,5515988281237,5515996759496,5515981637900,5515991935213,5515988088537,5515997685409,5515981380419,5543998065381,5515996092916,5543999889471,5515991790902,5515998077589,5515997463545,5543984570418,5515991600712,5543998113218,5543999828291,5543998472715,5543998415255,5543996406791,5543998418823,5515988183388,5515988380393,5515996866210,5515997464494,5515992501240,5515998328763,5515999955800,5515996967773,5543998126703,5515988266848,5515988260917,5515996760926,5515996152178,5515997620103,5515996303613,5515992007455,554396532246,5515998283866,554399363107,554396385484,5515996356751,5515996929422,5515998119047,5515997123936,554399304708,5515997622324,5515998253230,5515998024078,5515997833560,5543996464648,5515997530454,5515988194143,5515997283902,554398011030,5515996415787,5515991259066,5515997078796,5515996656960,5515997232519,5515988074930,5515996050257,5515996549406,5515996740382,5515997098662,554399895680,5543996169922,5543996447092,5515997812858,5515992400321,5515996441390,5515981621793,5543999086616,5515981179558,5515991443478,5515981492679,5515997367267,5543999209047,5515988360801,5515998094931,5515991415706,5515997524898,5515998452323,5515996617501,5515997469777,5515996194337,5515997392285,5515988275306,5515998048596,5515996495205,5515997144305,5515998713987,5515996456137,5515991441926
