
11977234542
15981498913
15988029060
15996120959
15991984056
15996649288
15996035104
4396055205
5515988197450
15997215663
15991098647
15997829794
15998484914
15997857671
15996092664
15996649459
15997495065
15996015951
43991103057
43996105966
15991615585
15998410015
15998544589
15981662322
15981769118
14998325701
15996304354
15998719901
15997113117
15997672886
43999523510
15998973547
15996501043
15998354001
15981532181
15997789274
15998562391
15998495686
43996764607
15998228577
15997551011
15991628805
15997786977
15988170680
15998284092
15988108495
15997431732
15997544510
15998040736
15997620103
15996004086
15997080708
15997645895
554396673011
15996342363
15981095158
15998088872
15997856632
15996036289
15988148073
15981907267
15997757160
15998097726
15997524956
15996116742
15988056600
15991803269
15997047533
15991628606
15981734164
15996745774
15981489128
15997273210
15998537903
42991187880
15988380206
15998189677
4396702540
15998853244
15996070312
15996882309
15998512595
43999218556
15997873113
15998292295
15981501679
15991656709
15997141746
15988174527
15998464828
15991347035
15981009281
15988217426
43996651533
15996326323
15996915699
15997189225
4399039429
15997785019
15991405447
15996616696
4396213935
15998130328
15996847026
4399578163
4396952476
15981322902
15998719102
15988320365
15998545304
15998264512
15981881223
15997032962
15996555594
15996907111
15988281237
15996759496
15981637900
15991935213
15988088537
15997685409
15981380419
43998065381
15996092916
43999889471
15991790902
15998077589
15997463545
43984570418
15991600712
43998113218
43999828291
43998472715
43998415255
43996406791
43998418823
15988183388
15988380393
15996866210
15997464494
15992501240
15998328763
15999855800
15996967773
43998126703
15988266848
15988260917
15996760926
15996152178
15997620103
15996303613
15920007455
4396532246
15998283866
4399363107
4396385484
15996356751
15996929422
15998119047
15997123936
4399304708
15997622324
15998253230
15998024078
15997833560
43996464648
15997530454
15988194143
15997283902
4398011030
15996415787
15991259066
15997078796
15996656960
15997232519
15988074930
15996050257
15996549406
15996740382
15997098662
43999895680
43996169922
43996447092
15997812858
15992400321
15996441390
15981621793
43999086616
15981179558
15991443478
15981492679
15997367267
43999209047
15988360801
15998094931
15991415706
15997524898
15998452323
15996617501
15997469777
15996194337
15997392285
15988275306
15998048596
15996495205
15997144305
15998713987
15996456137
15991441926